68,52
68,51
68,50
68,49
68,48
68,47
68,46
68,45
68,44
68,43
68,42
68,41
68,40
68,39
68,38
68,37
68,36
32,1
32,3
31,1
31,3
29,1
29,3
68,35
66,3
24,1
24,3
3,2
3,1
3,3
10,109
10,9
10,223
10,21
10,171
10,235
10,269
10,1
10,97
10,2
10,3
11,27
11,5
11,7
11,23
11,17
11,9
11,29
11,1
11,13
11,2
11,3
9,5
9,1
9,7
9,2
9,3
8,17
8,10
8,7
8,18
8,13
8,9
8,12
8,1
8,8
8,2
8,3
12,2
12,1
12,3
20,2
20,1
20,3
19,2
19,1
19,3
21,3
21,2
21,1
21,0
7,13
7,12
7,11
7,10
7,9
7,8
7,7
7,6
7,1
7,5
7,4
6,7
6,6
6,5
6,1
6,4
4,88
4,87
4,86
4,85
4,84
4,83
4,82
4,81
4,80
4,79
4,78
4,77
4,76
4,75
4,74
4,73
4,72
4,71
4,70
4,69
4,68
18,1
18,3
4,67
4,66
4,65
4,64
4,40
4,39
4,38
